11.1750488281
7.80590820312
8.8359375
9.48388671875
6.73608398438
7.40966796875
6.76025390625
8.59814453125
8.03784179688
6.64013671875
10.2746582031
12.1201171875
6.97094726562
9.22875976562
8.8369140625
7.00317382812
13.0969238281
10.41015625
4.59497070312
4.07983398438
7.12280273438
6.03491210938
6.02197265625
40.7668457031
7.3740234375
10.1657714844
5.29125976562
5.59008789062
6.69775390625
4.2841796875
4.10791015625
8.28393554688
6.7890625
10.8120117188
6.49096679688
33.7687988281
20.3759765625
14.1589355469
11.4050292969
9.16918945312
37.5910644531
5.44995117188
8.21264648438
6.15893554688
5.31396484375
1.73315429688
6.95922851562
6.6201171875
6.71704101562
6.48681640625
7.82592773438
5.59497070312
6.76684570312
5.55688476562
7.2021484375
5.72802734375
6.26391601562
10.9008789062
4.3251953125
8.33081054688
7.46020507812
8.44604492188
24.9240722656
5.25
6.27880859375
7.18920898438
5.84814453125
6.44116210938
4.876953125
5.998046875
6.44287109375
6.94213867188
5.68505859375
5.90014648438
5.35498046875
8.578125
5.11791992188
7.34887695312
4.95190429688
6.005859375
5.2919921875
16.0920410156
5.85400390625
5.58520507812
19.2316894531
8.22412109375
14.1928710938
8.00805664062
10.8959960938
5.15380859375
20.7802734375
16.162109375
634.20703125
59.7741699219
85.2890625
63.6499023438
89.4790039062
65.3139648438
87.8762207031
66.3466796875
91.6010742188
51.8833007812
89.4738769531
52.3427734375
95.8010253906
63.1318359375
88.1508789062
64.7690429688
90.1711425781
62.0610351562
82.5541992188
65.0251464844
725.472900391
64.2700195312
118.763916016
61.0151367188
83.294921875
63.8989257812
91.4357910156
63.9880371094
91.0419921875
60.4580078125
89.5061035156
50.9702148438
93.5007324219
56.3647460938
89.36328125
63.9189453125
89.0297851562
63.6450195312
94.0749511719
63.1328125
82.3640136719
63.5571289062
526.921142578
10.0432128906
14.9270019531
48.8227539062
13.1362304688
8.63427734375
12.9799804688
11.7919921875
11.0720214844
16.8601074219
7.3759765625
7.82104492188
4.07275390625
7.35302734375
7.005859375
7.77685546875
5.30102539062
7.4541015625
4.287109375
36.8840332031
4.24609375
7.8271484375
7.15893554688
7.29809570312
6.17895507812
3.73193359375
6.01196289062
6.52392578125
6.30981445312
1.453125
6.89599609375
5.40576171875
7.80615234375
7.17602539062
5.40893554688
3.751953125
5.26489257812
6.69287109375
7.5859375
3.06201171875
5.1259765625
6.77783203125
5.70703125
2.01391601562
6.01196289062
4.26098632812
8.4482421875
3.57690429688
5.31713867188
5.3369140625
6.39111328125
4.68701171875
7.89404296875
6.6708984375
7.4560546875
7.22314453125
6.02880859375
8.05590820312
3.77294921875
4.02807617188
5.3203125
10.0900878906
6.01879882812
5.4609375
5.17602539062
6.6611328125
8.83227539062
6.64013671875
4.72900390625
6.4970703125
4.78002929688
5.1669921875
7.08081054688
5.54614257812
5.623046875
11.9660644531
4.92993164062
5.46020507812
27.4011230469
1.216796875
4.38891601562
5.71801757812
26.001953125
7.455078125
7.06616210938
5.37109375
6.38598632812
5.94995117188
6.3427734375
5.296875
8.21997070312
5.31884765625
6.08715820312
4.00805664062
9.01220703125
7.11083984375
3.87280273438
1.10913085938
6.25708007812
6.01098632812
4.921875
4.19311523438
5.75805664062
29.8598632812
7.97021484375
7.96606445312
1.84790039062
1.60693359375
7.12084960938
5.20190429688
3.89916992188
6.125
4.10009765625
13.0681152344
1.31298828125
4.85888671875
4.04907226562
7.66015625
5.46997070312
6.42407226562
6.95385742188
7.73608398438
41.46875
6.02099609375
10.9499511719
5.23608398438
4.32177734375
5.8740234375
6.22021484375
4.81787109375
6.94189453125
6.8369140625
7.03198242188
5.39111328125
7.96923828125
45.5529785156
1.29028320312
1.294921875
4.41088867188
6.09301757812
3.51098632812
4.40893554688
3.5908203125
5.076171875
5.22192382812
10.5209960938
2.89306640625
7.97607421875
5.78198242188
10.3869628906
6.18969726562
5.32788085938
6.62890625
4.998046875
5.9248046875
5.7978515625
3.423828125
6.90185546875
3.12182617188
8.10278320312
23.833984375
6.35595703125
4.97314453125
7.55200195312
27.8591308594
3.47387695312
8.208984375
3.8671875
5.6240234375
7.2080078125
6.05590820312
6.40209960938
4.63891601562
5.96411132812
6.53881835938
5.90478515625
5.63891601562
5.85498046875
7.89819335938
6.81079101562
41.2861328125
7.5107421875
17.9350585938
10.7060546875
5.44995117188
8.06127929688
6.73583984375
5.97485351562
24.4440917969
6.77221679688
1.126953125
5.06298828125
7.94116210938
6.90405273438
1.4169921875
6.30004882812
7.14794921875
5.67895507812
30.1298828125
4.52490234375
6.0810546875
7.30004882812
3.54174804688
1.06103515625
5.173828125
7.28784179688
5.49194335938
3.00903320312
9.20922851562
21.4809570312
7.05517578125
41.072265625
7.35791015625
37.2939453125
7.35009765625
1.291015625
5.83520507812
4.95288085938
7.98999023438
21.8620605469
5.42895507812
6.08984375
4.23608398438
6.03100585938
5.02807617188
5.97583007812
6.88598632812
10.7790527344
4.84204101562
4.84375
25.4777832031
5.25805664062
3.61108398438
7.63500976562
6.84521484375
5.26000976562
9.8369140625
5.13891601562
7.80493164062
3.57006835938
39.8569335938
7.55322265625
6.98510742188
7.38500976562
7.89990234375
3.40380859375
5.36010742188
6.81787109375
5.4677734375
7.39770507812
3.75708007812
5.74194335938
5.23095703125
7.5
7.76416015625
6.01928710938
7.830078125
4.99291992188
40.7209472656
4.06518554688
7.41088867188
5.52807617188
5.0400390625
6.67309570312
5.919921875
6.35522460938
7.25415039062
7.24829101562
4.85009765625
7.64697265625
5.05395507812
5.28588867188
6.912109375
7.43286132812
5.10400390625
4.68408203125
7.32397460938
6.27685546875
7.64404296875
6.27294921875
5.15600585938
6.20288085938
5.57104492188
6.14501953125
6.7900390625
7.39501953125
4.46215820312
6.83911132812
6.74096679688
3.72802734375
42.7260742188
5.51318359375
36.1440429688
3.546875
8.01391601562
5.24780273438
5.42700195312
4.88403320312
5.953125
4.77465820312
7.13623046875
5.19287109375
6.50805664062
6.82104492188
5.4580078125
5.2900390625
6.14501953125
43.0622558594
3.61108398438
8.07202148438
4.94677734375
6.0009765625
4.97412109375
6.77905273438
6.6982421875
5.12866210938
5.595703125
7.14111328125
4.423828125
5.48095703125
23.8330078125
5.76806640625
1.23681640625
1.03100585938
5.04321289062
6.14721679688
4.8681640625
5.74487304688
8.59887695312
8.15283203125
7.05712890625
6.97583007812
6.96704101562
4.99194335938
6.68603515625
7.23291015625
37.7961425781
3.41796875
4.4892578125
5.77099609375
6.18701171875
6.86694335938
9.212890625
6.65502929688
6.93090820312
6.576171875
4.84594726562
10.126953125
5.9638671875
4.0
6.89208984375
5.55126953125
6.97802734375
3.70092773438
24.6848144531
1.07788085938
6.0556640625
5.08422851562
6.85302734375
5.501953125
23.9621582031
5.67602539062
38.0380859375
5.31201171875
24.6772460938
6.7939453125
5.0458984375
5.9609375
5.419921875
5.42724609375
5.43774414062
1.837890625
38.4509277344
5.72900390625
5.13012695312
5.78198242188
6.82495117188
6.0048828125
7.50903320312
5.005859375
5.14721679688
6.01220703125
5.91186523438
5.94189453125
6.412109375
7.07080078125
4.65893554688
6.38403320312
6.341796875
4.7119140625
3.87280273438
3.97485351562
6.19702148438
4.62890625
5.47827148438
7.34399414062
5.27319335938
7.02490234375
6.791015625
6.77807617188
4.98120117188
11.7600097656
6.2529296875
7.89208984375
3.7177734375
6.65087890625
26.2875976562
5.541015625
5.59008789062
7.77197265625
37.0100097656
6.80322265625
5.65087890625
5.578125
5.97412109375
7.56079101562
10.4990234375
4.89599609375
5.51293945312
4.80908203125
3.39086914062
6.96923828125
4.71997070312
11.6691894531
6.94873046875
6.80126953125
5.27099609375
5.85205078125
24.197265625
6.56909179688
11.5522460938
2.62719726562
7.7822265625
4.91381835938
7.13305664062
3.95190429688
7.55810546875
4.55712890625
5.64892578125
3.26928710938
5.61181640625
25.3669433594
1.06494140625
5.0341796875
7.541015625
36.4899902344
4.39282226562
9.30200195312
5.02026367188
6.94604492188
6.671875
6.4677734375
4.08203125
35.0178222656
8.23486328125
39.5478515625
5.90478515625
8.25
4.51904296875
5.89013671875
6.23095703125
8.27490234375
5.42504882812
4.07885742188
1.09106445312
7.05102539062
7.32299804688
3.91015625
1.00073242188
5.82592773438
6.80078125
5.15014648438
1.2783203125
1.07104492188
5.54711914062
5.70581054688
7.71533203125
39.4890136719
6.83129882812
6.69018554688
5.82885742188
5.0712890625
5.81396484375
5.5400390625
1.08911132812
4.24096679688
5.79223632812
39.0979003906
5.02685546875
7.44604492188
7.041015625
7.47387695312
7.1318359375
5.76708984375
5.92163085938
5.90795898438
3.552734375
5.99877929688
28.5649414062
5.89501953125
4.833984375
1.2841796875
1.29321289062
6.43310546875
6.7861328125
1.08911132812
2.98291015625
12.2651367188
14.2619628906
8.80908203125
73.1799316406
1.94897460938
2.60327148438
11.2900390625
8.07275390625
11.9431152344
1.46704101562
1.27514648438
2.2998046875
1.294921875
3.39697265625
3.85400390625
4.59106445312
2.31201171875
2.30493164062
3.57983398438
2.44116210938
1.30200195312
1.64086914062
1.10009765625
1.7978515625
1.39721679688
2.7958984375
2.623046875
7.06713867188
111.305908203
5.50390625
2.0048828125
2.43701171875
1.21411132812
2.64819335938
1.01513671875
9.64794921875
6.705078125
11.8359375
1.2490234375
1.25708007812
2.31103515625
1.19897460938
2.32177734375
1.669921875
2.41088867188
1.22998046875
1.5830078125
1.32397460938
2.77807617188
1.09790039062
2.77490234375
1.07592773438
12.1359863281
5.72802734375
6.58129882812
6.8359375
1.2080078125
1.23486328125
11.3908691406
7.15112304688
1.27270507812
10.7219238281
10.2761230469
1.13793945312
8.47607421875
1.27294921875
11.6311035156
11.912109375
7.47412109375
6.294921875
5.81005859375
5.92309570312
1.46606445312
1.15209960938
13.3911132812
2.56494140625
13.5598144531
15.3610839844
9.2861328125
1.52099609375
1.29516601562
2.84008789062
1.18603515625
6.470703125
9.56005859375
11.6328125
9.42016601562
9.4189453125
1.51293945312
1.22705078125
2.13818359375
1.22802734375
2.11328125
1.08984375
2.1318359375
1.1259765625
1.96704101562
2.18017578125
1.58642578125
1.21411132812
3.28491210938
1.08203125
4.27490234375
10.1479492188
15.3959960938
15.5158691406
1.30590820312
8.67504882812
1.34814453125
2.27905273438
1.28515625
2.36474609375
1.0322265625
2.2470703125
1.26000976562
3.13403320312
1.07495117188
2.92919921875
1.23095703125
7.60693359375
13.5549316406
4.96899414062
8.26318359375
6.82495117188
9.68798828125
10.45703125
5.03979492188
6.93896484375
1.5751953125
5.376953125
4.52587890625
10.8400878906
1.70825195312
6.662109375
6.73486328125
5.97705078125
1.13500976562
2.61083984375
1.166015625
2.09497070312
1.03198242188
2.12915039062
1.06494140625
8.259765625
11.9072265625
1.98681640625
2.84008789062
1.125
2.2177734375
1.07006835938
3.22412109375
1.1318359375
7.27416992188
1.38623046875
1.13598632812
1.72119140625
1.16186523438
1.66186523438
1.14013671875
3.81518554688
3.419921875
1.34814453125
4.7470703125
2.58520507812
10.7507324219
4.88403320312
3.16088867188
48.6569824219
1.49194335938
2.53198242188
1.11108398438
2.89086914062
1.04296875
2.537109375
1.27612304688
2.38208007812
1.12280273438
1.78784179688
1.10375976562
1.73291015625
1.09399414062
2.1630859375
0.960693359375
4.56909179688
12.5297851562
1.94775390625
3.26928710938
1.416015625
2.4658203125
1.15698242188
1.5888671875
4.20825195312
2.70385742188
1.1611328125
7.85205078125
11.7648925781
1.17700195312
8.11987304688
9.71801757812
10.9799804688
7.97875976562
4.23706054688
3.3369140625
6.32006835938
5.83911132812
10.0119628906
6.44384765625
8.01782226562
1.6630859375
3.05200195312
1.42114257812
4.43505859375
6.6689453125
2.23071289062
1.18188476562
7.658203125
7.94702148438
1.36669921875
1.29370117188
12.513671875
8.06616210938
9.39819335938
6.904296875
1.48388671875
1.1826171875
2.44409179688
1.15087890625
12.7790527344
6.68994140625
4.93090820312
11.296875
4.97900390625
5.7509765625
5.24975585938
12.033203125
8.8310546875
3.30810546875
3.65502929688
4.08618164062
4.43505859375
1.02612304688
1.0361328125
3.2568359375
2.82006835938
5.68994140625
1.14794921875
10.4711914062
7.0263671875
1.56811523438
1.13818359375
2.90087890625
1.3720703125
13.3278808594
7.32885742188
9.60620117188
5.67797851562
1.22094726562
10.2280273438
7.04516601562
6.79296875
3.88598632812
11.7973632812
5.44775390625
6.23413085938
1.38916015625
1.17700195312
3.31518554688
1.08520507812
14.1042480469
14.2646484375
13.1767578125
1.18530273438
1.20678710938
2.0419921875
2.56396484375
2.06298828125
6.10400390625
13.25
11.6682128906
1.10180664062
8.35693359375
12.7290039062
11.0510253906
1.15087890625
8.3447265625
4.13208007812
3.09399414062
2.06127929688
2.22290039062
4.36499023438
32.2729492188
2.9990234375
2.244140625
2.5078125
3.57788085938
2.63891601562
2.9892578125
6.23095703125
17.0639648438
13.5288085938
14.0791015625
14.3381347656
20.9609375
63.1049804688
52.1220703125
50.4528808594
48.9619140625
146.905761719
2768.05200195
579.614257812
64.083984375
88.1259765625
61.8488769531
96.3820800781
66.9689941406
98.1489257812
63.6669921875
93.3569335938
21.5388183594
9.63623046875
96.3627929688
16.4660644531
18.1098632812
9.21484375
25.5581054688
74.4189453125
3.1240234375
2.77978515625
8.95874023438
8.02905273438
8.53881835938
6.90014648438
10.9270019531
11.2810058594
7.19091796875
11.5739746094
44.8688964844
8.02587890625
5.7548828125
11.4150390625
12.3959960938
10.3190917969
8.4140625
1.30712890625
11.7980957031
9.87524414062
6.9091796875
2.23974609375
2.39404296875
2.31103515625
1.1240234375
1.98876953125
1.70678710938
8.07690429688
5.28002929688
5.80102539062
2.13793945312
7.96704101562
7.39697265625
