420.720947266
424.958007812
2545.9831543
3034.68701172
1363.55908203
943.096923828
549.2890625
376.113037109
291.330810547
2616.31298828
2745.80908203
1449.58984375
340.961181641
401.195068359
372.995117188
3494.35717773
3590.9309082
1092.09912109
301.144775391
2919.38671875
3206.87207031
3237.65405273
604.629882812
292.066894531
2713.13208008
3661.39599609
3199.62597656
413.444824219
1566.16894531
3198.11499023
396.381103516
403.361083984
3257.73999023
2956.37988281
353.193115234
1093.18579102
3555.81591797
2104.14501953
357.910888672
1267.65014648
3694.33422852
601.802001953
297.510009766
2722.37597656
3104.57519531
387.1328125
488.985839844
3560.15405273
1433.64819336
294.893066406
2777.05102539
1865.4699707
290.413818359
2575.703125
2931.47387695
384.362792969
638.703857422
3779.63598633
397.436767578
353.169921875
3529.31982422
2941.67919922
358.968017578
339.794189453
3574.67480469
1713.23901367
290.506103516
2473.65112305
2720.64282227
1771.41674805
358.458984375
1237.65600586
3203.66308594
490.124755859
294.254882812
3144.06298828
2635.57910156
381.952148438
363.357177734
2808.3840332
2547.63061523
368.612060547
922.625244141
4194.69604492
329.014160156
933.100830078
3650.69604492
573.445068359
1177.98217773
3575.24804688
403.766113281
294.644042969
3001.70483398
2649.04077148
344.104980469
1402.23095703
3533.27392578
1805.46899414
289.116210938
2789.44384766
