38.2761230469
31.0859375
36.7028808594
35.9553222656
67.8220214844
69.6950683594
30.0480957031
32.7817382812
29.8723144531
86.5861816406
330.25
98.4709472656
67.494140625
83.5131835938
78.4560546875
112.104003906
71.966796875
81.7170410156
75.37890625
75.6567382812
71.8659667969
37.2790527344
37.2380371094
34.7741699219
33.5961914062
37.5339355469
74.2028808594
56.5610351562
32.4240722656
46.6977539062
34.0620117188
50.080078125
62.1618652344
36.0710449219
30.3151855469
34.9719238281
30.0830078125
32.3620605469
33.1437988281
36.0737304688
42.6069335938
36.7749023438
78.0241699219
33.5908203125
74.8349609375
127.976074219
84.2749023438
129.177001953
829.433105469
76.3520507812
125.079833984
82.6499023438
89.1887207031
135.056884766
89.5927734375
469.969970703
88.8918457031
94.9301757812
35.50390625
34.0261230469
33.8588867188
32.8500976562
34.7199707031
36.4760742188
30.0231933594
35.6560058594
31.9018554688
38.8449707031
66.67578125
36.0390625
32.7407226562
33.8400878906
1480.62475586
81.0920410156
90.4812011719
69.9641113281
89.6569824219
85.583984375
81.6281738281
82.4060058594
82.1188964844
109.288330078
81.0368652344
82.5681152344
79.3508300781
115.666015625
30.0349121094
35.0480957031
29.8549804688
35.87890625
34.5549316406
34.0161132812
34.0380859375
33.0327148438
42.1860351562
79.1689453125
81.0441894531
843.930908203
423.199951172
483.33203125
