24.2429199219
26.2180175781
20.1071777344
20.8442382812
23.8210449219
23.6408691406
30.2668457031
24.9548339844
20.8088378906
22.3605957031
20.7580566406
59.4169921875
49.8371582031
499.522216797
413.330078125
450.720947266
54.2651367188
23.4069824219
28.5620117188
43.25390625
35.9108886719
25.373046875
53.751953125
27.0720214844
55.4528808594
27.1411132812
19.16015625
21.6071777344
21.5891113281
19.2509765625
51.6340332031
26.171875
19.0380859375
26.3649902344
18.8220214844
31.9130859375
58.3359375
72.2028808594
72.0400390625
69.4580078125
67.4877929688
60.3068847656
67.7570800781
68.6650390625
67.419921875
392.716064453
75.9360351562
75.3928222656
72.8649902344
67.0087890625
75.4699707031
21.1560058594
24.3862304688
16.7438964844
17.2858886719
22.5600585938
19.4899902344
19.7622070312
19.4812011719
17.6240234375
21.748046875
48.0859375
16.6638183594
68.1818847656
63.1911621094
60.9907226562
98.9692382812
107.652099609
468.301025391
105.529052734
59.8933105469
102.589111328
130.954101562
70.1330566406
21.8798828125
24.8469238281
27.0610351562
17.0480957031
16.9169921875
17.6188964844
24.8371582031
17.3049316406
25.9311523438
55.2958984375
49.9870605469
53.24609375
59.8139648438
66.2458496094
72.3359375
64.376953125
73.8220214844
76.4370117188
69.9228515625
67.7421875
68.7758789062
74.6999511719
65.2419433594
64.9780273438
74.171875
73.5170898438
