19.8720703125
20.9880371094
17.044921875
19.9990234375
16.4990234375
30.8330078125
21.5202636719
14.5749511719
19.3391113281
16.0261230469
23.2644042969
31.8188476562
19.0668945312
16.1149902344
685.468994141
129.693115234
64.6770019531
839.481201172
12.6591796875
30.1037597656
10.2080078125
35.4230957031
12.1220703125
27.24609375
29.8139648438
29.9838867188
10.3969726562
12.7841796875
10.7121582031
10.5859375
10.1330566406
11.6469726562
18.326171875
11.8562011719
29.6750488281
19.0659179688
11.1108398438
10.5988769531
23.791015625
11.6530761719
1612.6640625
651.173828125
550.692871094
455.997070312
383.175048828
29.9619140625
13.796875
48.3701171875
14.7858886719
13.6662597656
13.1188964844
11.3439941406
12.29296875
12.5959472656
13.8391113281
15.6589355469
12.5261230469
12.9931640625
11.3891601562
34.8920898438
479.610107422
379.166259766
419.844238281
411.216064453
52.7717285156
61.9819335938
59.0610351562
12.5129394531
27.5339355469
16.6760253906
11.287109375
11.7668457031
12.5871582031
15.0290527344
11.0737304688
12.0607910156
27.9172363281
55.3420410156
58.7470703125
60.5849609375
74.6921386719
57.0258789062
58.5661621094
56.8139648438
82.9641113281
56.99609375
89.9812011719
75.5122070312
58.0009765625
91.7468261719
57.072265625
59.0942382812
56.9829101562
13.0170898438
32.376953125
12.9399414062
12.2680664062
12.0170898438
16.4558105469
12.7907714844
