2016.03320312
323.572998047
483.527832031
247.663085938
221.082763672
275.463867188
224.749023438
671.408691406
2156.41479492
507.184082031
444.928955078
566.074707031
606.446044922
215.784912109
255.610107422
242.373291016
241.921875
1467.58520508
1711.21826172
1718.44897461
262.901123047
266.228271484
219.173339844
295.348144531
247.868164062
544.901855469
2101.3359375
2144.79296875
2149.90478516
2031.35791016
258.005126953
254.129882812
243.733154297
1444.34204102
1712.38598633
1713.56494141
1730.44091797
523.572998047
280.333984375
245.699951172
585.944091797
3384.20996094
2101.19604492
2117.2199707
286.600097656
245.559814453
277.345214844
2084.11914062
2185.16894531
262.681884766
221.408935547
245.041015625
238.521972656
1503.41186523
2085.70996094
1238.84814453
299.515136719
247.551757812
319.548828125
2109.27392578
2093.63500977
1358.36694336
250.934082031
247.877197266
503.426025391
2139.99829102
2150.11401367
265.854736328
247.916748047
255.70703125
2105.9609375
2078.28393555
2089.61108398
253.598388672
245.771972656
246.322021484
1122.02783203
2020.79907227
282.636230469
243.330810547
391.437011719
2126.89916992
2087.76586914
281.819091797
241.323730469
255.931884766
1767.99902344
2563.59399414
255.407226562
245.129150391
247.713867188
1243.09399414
2082.44116211
2105.42578125
280.381835938
285.159912109
293.218994141
1588.125
1686.07910156
1692.41723633
