87.626953125
745.968994141
79.9401855469
581.686035156
141.229003906
148.447998047
111.706054688
70.5461425781
118.205078125
29.2817382812
114.274902344
22.4650878906
24.1831054688
58.466796875
56.87890625
36.8149414062
410.469970703
672.146240234
645.706054688
570.697021484
567.392089844
57.865234375
101.41796875
151.906005859
36.4702148438
85.2568359375
49.9821777344
56.4919433594
55.8779296875
21.7690429688
31.7058105469
38.9541015625
184.301025391
403.442871094
408.179931641
351.395996094
390.502197266
358.526855469
465.774902344
76.5590820312
473.015136719
470.624023438
75.9150390625
70.0668945312
74.4079589844
30.8820800781
31.9738769531
24.3811035156
40.3117675781
21.755859375
61.2409667969
59.19921875
18.3461914062
24.2058105469
375.715087891
318.014892578
315.087890625
346.454101562
378.963867188
408.854003906
408.194824219
341.138671875
363.567138672
366.212890625
71.7810058594
132.395019531
69.3032226562
80.9008789062
52.6672363281
675.396728516
685.081054688
638.406005859
71.1748046875
35.6630859375
77.3601074219
71.1171875
66.5810546875
48.2919921875
377.027099609
1722.92993164
572.763916016
589.009033203
26.1499023438
73.2141113281
28.5859375
30.0490722656
29.3469238281
375.123779297
79.6799316406
82.4243164062
90.4189453125
75.8154296875
61.4909667969
89.837890625
59.9880371094
87.4309082031
63.248046875
23.6298828125
18.4729003906
17.5258789062
