144.072265625
167.579833984
100.494140625
81.171875
65.4069824219
35.6408691406
52.1760253906
78.6330566406
69.4921875
67.0310058594
414.649902344
643.540283203
602.83203125
645.003173828
646.614013672
583.077148438
33.7080078125
78.7548828125
151.427001953
238.929931641
148.948730469
112.372802734
157.756103516
70.5578613281
63.3391113281
36.5729980469
36.205078125
65.3879394531
64.7622070312
186.840087891
692.364013672
716.756103516
93.6311035156
736.033935547
722.012939453
97.4758300781
72.9448242188
82.0551757812
69.7280273438
64.8879394531
68.6640625
69.7260742188
72.1430664062
36.8818359375
147.093017578
96.4172363281
690.791015625
91.0388183594
690.192871094
714.077880859
96.291015625
698.971923828
75.8269042969
36.0183105469
85.8627929688
66.4841308594
68.3232421875
402.811767578
93.1782226562
651.794677734
655.760009766
129.791992188
46.3601074219
61.1000976562
63.8781738281
62.3391113281
80.1909179688
505.227050781
679.791992188
686.108886719
351.860839844
80.1069335938
73.8579101562
63.0952148438
66.3488769531
106.096923828
503.458984375
486.826904297
572.951171875
63.75
65.5551757812
63.9182128906
66.08984375
411.063964844
596.87890625
531.649169922
539.924072266
392.906005859
63.57421875
77.8508300781
80.3640136719
84.8171386719
1604.11401367
591.392089844
596.983886719
494.640869141
638.127929688
67.2958984375
72.7229003906
64.3388671875
