19.5239257812
13.9553222656
14.3269042969
15.8869628906
13.9453125
35.7612304688
30.1340332031
14.080078125
14.7438964844
13.2141113281
36.1281738281
20.4609375
16.001953125
676.356933594
59.3139648438
56.9479980469
61.1369628906
50.5400390625
61.6450195312
64.7060546875
63.2797851562
52.20703125
62.2390136719
64.1340332031
45.9230957031
14.5732421875
15.123046875
11.7590332031
36.4328613281
18.9499511719
14.7619628906
13.5041503906
39.6669921875
21.5092773438
79.57421875
36.8198242188
43.7380371094
57.072265625
43.7390136719
21.2819824219
14.2219238281
16.1811523438
17.3093261719
16.8039550781
21.0932617188
15.9289550781
16.4270019531
15.0930175781
28.8259277344
51.5771484375
624.647949219
65.8818359375
82.6721191406
90.3500976562
117.397705078
64.2358398438
59.8908691406
109.998779297
65.1149902344
66.5959472656
16.04296875
13.0671386719
16.7331542969
15.3029785156
21.541015625
16.7331542969
10.8818359375
12.7758789062
14.1220703125
14.3999023438
17.9519042969
16.5710449219
32.7639160156
44.9741210938
478.433105469
65.4499511719
63.8588867188
64.2458496094
55.4609375
66.6599121094
62.4030761719
57.9128417969
55.6059570312
62.5048828125
59.1931152344
68.0869140625
60.9267578125
66.4240722656
62.1977539062
18.9462890625
16.9660644531
15.9279785156
10.3999023438
11.5268554688
15.4460449219
14.6379394531
21.3271484375
25.587890625
56.3361816406
57.5390625
