1696.89111328
3683.1159668
1267.49121094
667.450927734
6046.47485352
4008.21606445
635.465820312
3569.15307617
5214.09936523
2012.99707031
6797.89404297
1520.47216797
5363.96289062
4946.51513672
2201.05102539
5303.99707031
1225.34204102
5905.21728516
790.968994141
6456.86791992
737.566894531
6300.46801758
1164.51904297
4674.44897461
2191.73413086
4408.83300781
1858.03979492
5384.46899414
2163.48095703
4286.13891602
3296.04931641
3968.81323242
2805.98999023
5171.55688477
1413.42407227
5298.21899414
906.493896484
5188.39794922
2428.76098633
4538.54199219
1990.17211914
5131.8581543
1866.36328125
5315.20581055
1927.90698242
3983.66503906
3738.50585938
3281.76391602
4242.39501953
1522.56884766
5503.81811523
711.130126953
6082.84619141
1278.71777344
5135.41796875
2513.71704102
4054.80786133
3220.46899414
3350.82495117
3777.8269043
2165.78491211
5658.28881836
679.998046875
5140.20996094
1016.86206055
4548.71020508
3031.14794922
2588.53417969
3693.29003906
2525.6237793
1190.59716797
5511.84301758
901.539794922
5531.77807617
1011.49291992
5410.26806641
1061.92993164
5471.01123047
1092.43017578
5181.92993164
2393.47412109
2962.20263672
4278.10986328
2465.24291992
3857.70581055
2578.97680664
3929.9609375
2460.61914062
4054.56103516
2519.57885742
4733.87402344
2519.77783203
3854.87084961
3724.90307617
2778.70874023
4634.6628418
1993.82421875
4616.36889648
2097.87988281
4499.43310547
