218037.078857
182750.093018
178847.498047
177606.698975
193543.029053
241319.87085
242969.265137
175754.680908
171774.990967
171846.862061
173741.66626
176764.415039
183334.089111
178032.258789
176730.87085
173718.123047
236608.760742
249967.101807
178868.079102
173612.711914
176945.541016
175357.01416
175038.672363
173627.552979
169710.842041
173725.769043
176038.742676
236930.352051
234809.23999
175002.016846
178703.428955
175365.206055
175747.79834
175569.683838
169632.359863
175022.519775
189068.936768
178208.134766
265813.143799
196626.790039
169860.658936
176534.696045
177446.97998
174257.963867
177720.99585
172769.520996
175526.557129
178386.428223
174750.789062
291423.190186
206617.249023
178015.410156
172409.334717
174944.451172
176878.517334
173607.391602
169397.626953
170465.677979
168276.978027
169997.806885
170682.961914
169725.615967
169440.507812
168888.793945
170942.284912
179026.198975
175633.744873
172634.962891
175004.647949
172798.638184
171604.751221
169908.414062
170074.072998
170615.571045
170631.020996
169314.864014
169073.38501
170196.626953
170004.81665
168461.894043
169872.943115
169470.178223
171779.817871
170042.714111
170955.6521
169321.096924
169878.331787
170910.697021
169821.166992
169168.788818
168555.807861
168713.76001
168506.941162
169420.571045
169124.812988
171229.719971
169832.480225
168844.611328
171009.708008
170425.353027
