25872.7929688
7162.17016602
17276.8166504
14995.6608887
12802.217041
12773.0200195
10006.0100098
10140.6030273
10209.8190918
10100.9680176
10125.7131348
10191.9641113
10360.3649902
10295.3508301
10341.4230957
10066.4169922
9222.83007812
10217.1118164
10099.3850098
10055.7380371
10137.5830078
10069.545166
10184.5583496
10177.2680664
10188.4611816
10084.0009766
10114.7700195
10627.4619141
10178.6450195
10332.1071777
10320.112793
10506.9580078
10080.0407715
10250.097168
10490.2268066
10201.1491699
9485.86303711
9499.97802734
9355.8828125
10026.3730469
10196.6550293
10003.4699707
10116.2687988
9967.01293945
10015.5698242
10017.3701172
10026.2509766
10101.1369629
10172.1557617
10111.8479004
10006.395752
10197.8842773
10369.3850098
10569.7177734
10385.1850586
10128.0742188
10239.8486328
9944.44604492
10390.9421387
10080.8027344
10175.861084
10008.2302246
10133.0637207
10184.1350098
10119.3308105
10172.5959473
10255.9143066
10097.9541016
10154.6152344
9985.65478516
10101.2480469
9955.43701172
10240.611084
9893.81811523
9255.9831543
9988.53295898
9381.27709961
9332.00292969
9897.78808594
9937.21704102
10098.0480957
10233.1760254
10080.0761719
10080.2780762
10027.4030762
9984.37011719
10026.8608398
10088.5578613
10066.1669922
10005.1350098
10036.855957
10188.2199707
10360.2189941
10326.7939453
10260.0771484
9954.52270508
9377.31689453
9258.03808594
9384.76098633
9382.68603516
