141015.50708
101021.751221
101850.474854
98928.6252441
98385.9360352
99410.2990723
99180.7370605
99861.2648926
98424.5300293
99529.6010742
100144.426025
99119.7451172
100810.222168
97997.0510254
98937.3210449
99576.8510742
99265.9238281
98798.3630371
96587.7438965
98334.0168457
100489.386719
99732.8188477
99189.4880371
99319.0109863
101441.519043
98227.6330566
96555.7099609
98765.9689941
98349.5219727
98834.2519531
100126.989014
97917.1171875
95191.6367188
96461.3520508
97565.6850586
95432.8339844
98769.2839355
97489.2651367
97523.9130859
96107.2148438
95437.4558105
94185.0959473
94775.1140137
94905.315918
95219.802002
95238.4328613
95342.5209961
94998.2810059
95307.1340332
94665.6831055
95200.0280762
95962.1208496
97164.6699219
97940.0341797
97519.3339844
96121.855957
98739.2331543
98440.9421387
97997.8430176
97776.7810059
97329.4331055
99168.7080078
97003.1049805
96760.782959
96177.3022461
98465.8330078
99445.8989258
98731.0349121
95344.2570801
94164.5390625
96829.3220215
106045.250732
98303.4628906
97549.8581543
96545.1176758
96892.0629883
96969.3061523
96341.3049316
95049.480957
95111.2770996
95059.5969238
96922.6750488
99170.9521484
99785.0678711
97424.7260742
97718.2741699
99886.9309082
99501.222168
97594.6230469
98668.4008789
98581.6018066
99868.4438477
97752.4611816
95953.2021484
95597.1369629
95113.4370117
99596.3049316
99333.8120117
98587.7451172
96594.3569336
