75374.7438965
61970.0639648
54241.8588867
54054.5371094
56754.5212402
55706.7570801
55505.1582031
54581.3708496
55893.9602051
53192.5771484
54262.8120117
55331.1689453
53542.8508301
53170.3120117
57217.2749023
57713.3669434
51664.3349609
52219.9440918
53180.5380859
52223.6398926
49610.2470703
49607.8620605
50175.1772461
50196.4208984
50895.0678711
50575.1210938
50152.3271484
50247.5021973
50055.7871094
50126.8769531
50693.0708008
50525.9821777
50186.9648438
51129.9929199
50454.6430664
50193.1188965
56950.3588867
49718.5048828
49824.9760742
50739.763916
50528.1228027
51514.3989258
50501.5949707
51173.0708008
51171.5458984
50957.8601074
49682.3388672
53153.1191406
49776.6040039
49855.0778809
49619.0310059
50295.394043
49817.8432617
49860.9038086
49724.4689941
50445.2529297
49653.625
50154.9318848
50400.1721191
50284.0549316
49802.5620117
50561.0290527
50246.2768555
50123.6740723
50224.8068848
50388.9240723
50250.4519043
49497.9460449
49807.0507812
49530.4958496
49613.6530762
49531.1791992
49457.3271484
50036.0771484
50614.2219238
50399.5749512
51912.9018555
51473.6240234
52132.6137695
52102.3981934
51874.7229004
51698.0949707
51264.7438965
51459.1137695
51315.6228027
51366.0280762
51932.3891602
52302.1279297
51935.5539551
52305.6530762
52343.7722168
51757.8662109
52453.3300781
52000.0480957
58330.1000977
53704.1088867
52192.3449707
51445.7797852
51163.605957
52341.7910156
