15571.282959
7411.875
3508.98779297
11875.3530273
4915.92285156
8456.27612305
6953.28271484
5116.83105469
8452.81616211
5252.45092773
3621.22607422
8986.68310547
8645.11791992
5988.54614258
4203.13110352
8741.5480957
8737.61376953
5703.12084961
4496.10180664
8795.79272461
8408.03295898
2321.13208008
8156.46777344
7860.94213867
7118.47802734
3126.45825195
8731.38500977
9008.61499023
6586.02709961
4225.79785156
9754.1550293
9699.8359375
4996.71899414
6637.30615234
9915.90600586
8597.98193359
2393.11791992
9284.12524414
9534.75415039
8000.47314453
3519.96386719
10122.3339844
10530.1411133
7497.73999023
4577.72900391
9837.34692383
9029.94995117
5140.48974609
5057.44116211
9368.61474609
9532.71508789
4223.83129883
5548.59887695
9652.17895508
5343.375
4630.87792969
9535.14306641
8009.20703125
2933.48413086
6459.17993164
9650.91479492
9704.13110352
8379.05004883
3551.30615234
9166.8190918
8592.57299805
6086.60058594
5758.6081543
9592.17895508
5570.16821289
4067.06274414
9729.36010742
9362.16308594
4319.92602539
5765.13305664
9781.97680664
8067.25708008
4753.39819336
4581.71386719
8718.19506836
8782.89013672
8931.79492188
9190.00927734
9534.94775391
5572.45019531
4344.68188477
9605.17504883
9590.64697266
7771.15698242
4822.08789062
6886.51782227
10051.5788574
9673.78979492
9903.02807617
4646.1340332
5667.02099609
9644.9519043
5167.70092773
5590.34008789
9303.61816406
