38409.0739746
25891.810791
22559.9611816
12764.5678711
12370.7839355
12811.3850098
12695.7751465
12653.7810059
12463.9619141
13313.4101562
12915.9082031
12821.472168
11180.0490723
11306.0537109
11111.0930176
11151.7819824
11241.1289062
11277.2209473
11482.552002
11545.6940918
11659.1108398
11384.934082
11342.8908691
11426.380127
12026.3249512
11495.4838867
11314.5612793
11760.7719727
12622.9318848
12554.7431641
11884.8623047
12079.3701172
12528.8251953
12312.7470703
12319.7348633
12757.8349609
12609.9389648
12635.5507812
12878.592041
14191.3210449
14093.3059082
14005.3869629
14013.8718262
13520.7290039
13724.657959
13249.1171875
12997.0600586
12610.5202637
12081.0339355
12682.5219727
12036.737793
11559.1430664
11439.8369141
12002.8659668
12487.3952637
12608.2419434
12688.9489746
12738.4299316
12981.8317871
13084.8659668
13271.5007324
12815.3032227
12433.1992188
11897.2580566
11594.4951172
11252.0310059
11376.2768555
11290.6179199
11353.5161133
11635.541748
11368.7258301
11259.578125
11217.3981934
11208.730957
11523.2092285
11753.3720703
11372.1938477
11362.7790527
11627.0439453
11553.8579102
11554.6779785
11399.6970215
12655.7502441
12638.4489746
12459.6728516
12633.2370605
12253.6008301
12627.2370605
24196.7060547
22352.4279785
18066.8649902
14372.1938477
14202.7399902
13689.3068848
21630.7270508
23153.6359863
14113.4709473
14049.0041504
16825.3479004
14686.2268066
